8660.0 28000
13100.0 78000
16660.0 147000
19780.0 111000
37840.0 136000
79260.0 390000
83360.0 220000
101020.0 322000
99280.0 308000
103980.0 354000
97240.0 337000
102000.0 415000
130840.0 358000
105000.0 391000
132260.0 396000
179040.0 617000
141400.0 406000
162920.0 522000
170760.0 503000
116780.0 388000
158960.0 632000
160380.0 479000
167920.0 668000
109020.0 666000
127760.0 424000
149280.0 606000
107000.0 597000
181420.0 463000
121740.0 342000
95680.0 334000
46000.0 232000
95240.0 430000
70040.0 415000
50140.0 306000
44860.0 346000
48940.0 297000
20660.0 130000
140220.0 422000
62580.0 482000
58340.0 257000
90560.0 394000
124340.0 369000
92700.0 380000
142240.0 437000
177500.0 553000
147800.0 420000
65340.0 503000
122380.0 545000
142140.0 398000
110800.0 301000
180180.0 608000
151040.0 536000
100780.0 285000
143420.0 417000
176760.0 632000
167100.0 562000
160440.0 806000
213260.0 616000
102760.0 458000
182140.0 548000
155580.0 562000
181980.0 671000
209220.0 619000
142640.0 562000
116680.0 447000
160660.0 546000
173160.0 381000
142960.0 587000
123600.0 335000
162680.0 596000
177980.0 733000
189260.0 453000
178320.0 597000
124380.0 406000
142420.0 498000
143140.0 394000
157080.0 504000
106160.0 311000
70820.0 333000
97280.0 337000
125200.0 480000
87880.0 308000
154360.0 502000
110060.0 756000
142740.0 498000
115160.0 585000
129660.0 406000
120380.0 429000
161660.0 644000
79100.0 570000
107460.0 390000
101200.0 302000
66280.0 290000
142720.0 593000
59660.0 358000
102980.0 397000
112540.0 423000
107140.0 405000
125060.0 364000
78560.0 344000
140500.0 404000
135320.0 585000
125500.0 448000
97140.0 341000
54200.0 249000
75340.0 247000
100040.0 365000
132200.0 394000
106840.0 448000
121400.0 375000
67680.0 335000
129920.0 461000
158980.0 555000
72320.0 279000
56240.0 237000
126460.0 435000
130060.0 406000
122260.0 339000
120640.0 498000
108820.0 480000
242180.0 618000
119280.0 331000
162400.0 517000
57880.0 216000
82700.0 391000
102220.0 288000
56720.0 282000
87160.0 625000
90520.0 241000
126840.0 556000
85740.0 246000
101320.0 405000
148160.0 449000
191500.0 523000
112720.0 335000
168120.0 600000
152040.0 569000
129700.0 571000
106120.0 246000
170340.0 440000
133960.0 420000
107100.0 303000
87640.0 253000
127460.0 356000
98020.0 388000
89480.0 314000
93900.0 331000
19480.0 205000
56500.0 211000
26700.0 372000
51500.0 225000
89580.0 395000
62000.0 231000
87080.0 202000
101720.0 296000
134420.0 448000
35840.0 148000
125160.0 347000
151060.0 562000
137340.0 404000
116060.0 404000
66560.0 219000
110080.0 252000
94500.0 382000
130500.0 390000
96720.0 503000
148660.0 507000
107320.0 269000
20940.0 124000
91920.0 320000
108420.0 538000
116480.0 379000
111000.0 364000
112560.0 272000
134300.0 351000
99240.0 245000
132820.0 320000
134160.0 434000
109840.0 272000
153260.0 411000
36260.0 340000
43760.0 246000
117920.0 337000
45600.0 199000
89080.0 273000
85580.0 252000
51760.0 239000
55860.0 208000
119220.0 334000
132300.0 463000
177320.0 480000
161520.0 665000
152320.0 480000
75460.0 370000
117600.0 422000
144320.0 362000
96620.0 301000
101040.0 366000
118360.0 847000
161200.0 501000
156460.0 503000
93240.0 307000
73840.0 251000
137300.0 447000
89880.0 291000
23540.0 246000
110100.0 387000
67940.0 247000
140380.0 497000
146600.0 470000
37460.0 178000
134740.0 355000
91280.0 509000
159440.0 754000
128620.0 363000
212820.0 716000
68740.0 455000
137080.0 297000
207420.0 744000
204520.0 732000
104740.0 328000
221340.0 603000
159860.0 620000
49160.0 408000
56740.0 142000
22260.0 204000
70000.0 336000
178380.0 519000
125840.0 658000
147040.0 592000
112740.0 370000
185880.0 493000
164200.0 499000
27020.0 216000
154420.0 530000
126660.0 360000
208940.0 660000
118280.0 466000
31620.0 174000
41440.0 169000
39740.0 171000
25620.0 116000
37520.0 149000
19580.0 92000
58620.0 241000
22580.0 175000
33140.0 249000
42120.0 152000
76600.0 248000
96380.0 370000
195900.0 603000
99560.0 369000
51320.0 178000
159760.0 618000
34360.0 127000
131500.0 452000
107400.0 285000
91980.0 263000
85800.0 267000
75300.0 192000
94860.0 290000
103540.0 287000
19940.0 62000
114120.0 389000
27640.0 116000
74480.0 297000
26860.0 82000
29400.0 114000
44060.0 120000
103560.0 280000
78920.0 287000
86900.0 268000
113980.0 396000
53980.0 187000
118560.0 415000
56680.0 179000
66500.0 372000
76260.0 231000
94320.0 307000
85800.0 261000
92280.0 416000
81120.0 231000
104880.0 225000
69900.0 168000
96960.0 411000
124380.0 394000
127540.0 420000
103160.0 277000
91980.0 401000
134900.0 344000
97780.0 226000
94120.0 558000
46320.0 157000
140800.0 473000
96460.0 343000
165940.0 445000
100820.0 286000
93920.0 306000
52620.0 145000
86840.0 297000
45800.0 221000
67300.0 198000
32440.0 93000
19240.0 88000
27780.0 146000
40080.0 159000
36740.0 243000
51200.0 213000
41940.0 197000
46640.0 206000
55820.0 178000
16340.0 101000
66560.0 218000
77120.0 219000
22840.0 226000
6900.0 35000
16440.0 215000
49980.0 403000
9860.0 60000
6880.0 20000
3840.0 18000
4700.0 49000
6340.0 42000
7180.0 66000
12740.0 62000
5400.0 35000
4160.0 19000
8560.0 101000
24780.0 370000
7680.0 55000
4340.0 23000
5200.0 24000
4720.0 20000
6900.0 54000
5980.0 26000
5360.0 41000
5240.0 24000
4660.0 19000
7380.0 35000
7080.0 44000
7280.0 44000
8720.0 39000
5220.0 25000
9120.0 46000
7600.0 34000
10360.0 103000
14880.0 67000
15920.0 89000
6540.0 70000
10020.0 41000
6760.0 40000
10840.0 87000
5480.0 20000
6320.0 68000
7200.0 35000
9400.0 53000
7340.0 29000
16060.0 155000
6100.0 54000
4740.0 35000
8240.0 68000
8800.0 55000
5540.0 25000
6420.0 49000
5360.0 45000
5420.0 45000
7300.0 79000
4100.0 26000
3420.0 23000
8060.0 84000
5680.0 36000
13960.0 124000
31740.0 177000
47800.0 115000
84500.0 319000
83200.0 438000
43680.0 517000
101360.0 377000
73680.0 265000
124720.0 364000
61060.0 340000
67680.0 362000
75560.0 266000
28100.0 310000
78420.0 288000
125780.0 510000
125820.0 454000
94180.0 263000
74740.0 224000
119460.0 365000
48160.0 137000
103820.0 306000
47220.0 144000
73980.0 175000
59160.0 199000
56220.0 349000
67640.0 347000
77820.0 337000
98760.0 405000
31320.0 117000
17580.0 109000
92220.0 297000
144380.0 684000
35180.0 127000
51620.0 506000
2500.0 14000
145740.0 441000
76740.0 295000
2440.0 10000
6460.0 74000
4660.0 41000
56000.0 235000
106800.0 459000
12540.0 222000
129980.0 379000
75320.0 309000
42180.0 158000
175140.0 560000
33640.0 82000
100480.0 383000
100020.0 334000
41220.0 180000
