13240.0 47000
19200.0 98000
20080.0 104000
70560.0 248000
120460.0 410000
106340.0 337000
173980.0 448000
197800.0 450000
192220.0 412000
187420.0 567000
230840.0 486000
181020.0 478000
198040.0 451000
221480.0 482000
208180.0 528000
228420.0 605000
192500.0 482000
226500.0 573000
231180.0 553000
242960.0 570000
225900.0 459000
251740.0 631000
276080.0 502000
291200.0 730000
285080.0 725000
275800.0 608000
239680.0 588000
286940.0 736000
281540.0 629000
277140.0 699000
260140.0 582000
262840.0 646000
249580.0 596000
318580.0 610000
282140.0 606000
249400.0 518000
245200.0 535000
260560.0 528000
192660.0 508000
232780.0 506000
265460.0 713000
289600.0 627000
362380.0 696000
264640.0 567000
260740.0 612000
229880.0 694000
294780.0 668000
324460.0 636000
230380.0 602000
326280.0 626000
283120.0 562000
286900.0 595000
309160.0 859000
313400.0 667000
264860.0 607000
296360.0 661000
201420.0 448000
289940.0 767000
245240.0 607000
271580.0 614000
294000.0 891000
242100.0 488000
269320.0 716000
205900.0 620000
206400.0 637000
245400.0 552000
201880.0 546000
273200.0 452000
311140.0 702000
173380.0 643000
236560.0 781000
250940.0 735000
292840.0 666000
266240.0 719000
140720.0 482000
263140.0 690000
176000.0 429000
174200.0 526000
235340.0 537000
201600.0 461000
213420.0 538000
187760.0 572000
182440.0 699000
232720.0 502000
155640.0 365000
162000.0 382000
144760.0 509000
192140.0 435000
198820.0 448000
106400.0 291000
15020.0 79000
239340.0 563000
134400.0 401000
209920.0 466000
248840.0 559000
174400.0 394000
65100.0 141000
172280.0 354000
126860.0 337000
47400.0 131000
176420.0 474000
70340.0 337000
226940.0 630000
197780.0 687000
124720.0 453000
204220.0 677000
133480.0 350000
253280.0 780000
204160.0 599000
168180.0 473000
123920.0 354000
89260.0 535000
87100.0 313000
32240.0 118000
75740.0 162000
83000.0 234000
103140.0 326000
43800.0 174000
44260.0 242000
104340.0 337000
73020.0 172000
64620.0 196000
21700.0 67000
82160.0 248000
31300.0 92000
85600.0 307000
62620.0 169000
59380.0 184000
63860.0 315000
95060.0 302000
89540.0 323000
95000.0 312000
52460.0 229000
7840.0 33000
10220.0 53000
16460.0 67000
49960.0 211000
25400.0 70000
36360.0 167000
55160.0 123000
72340.0 150000
63420.0 184000
42280.0 225000
40140.0 233000
70700.0 212000
98720.0 358000
87580.0 289000
52460.0 140000
93700.0 325000
82020.0 281000
77860.0 217000
26300.0 71000
68280.0 294000
92240.0 262000
83940.0 227000
109780.0 456000
89600.0 375000
82680.0 349000
26980.0 227000
49560.0 175000
69620.0 217000
85340.0 261000
70760.0 149000
