46000 53.0
106000 93.0
181000 150.0
174000 133.5
360000 290.0
276000 228.0
316000 256.0
417000 321.0
393000 333.5
395000 302.0
425000 360.0
271000 224.0
487000 361.5
465000 350.5
651000 478.5
2000 -3
576000 426.0
535000 400.0
431000 322.5
236000 179.5
233000 182.0
379000 277.0
230000 172.5
418000 326.5
640000 454.0
388000 328.0
259000 212.0
489000 367.0
58000 60.0
30000 20.5
139000 121.0
495000 343.0
254000 231.0
525000 384.0
604000 403.5
630000 457.5
277000 236.5
429000 344.5
318000 265.5
367000 265.0
410000 339.5
374000 288.5
407000 317.0
490000 350.0
556000 405.5
445000 340.5
435000 328.5
320000 256.5
260000 212.0
364000 311.5
442000 370.5
389000 302.5
225000 172.0
289000 204.0
236000 189.0
143000 122.0
381000 314.0
367000 303.5
180000 158.5
283000 213.5
532000 397.0
350000 246.5
150000 137.0
435000 318.5
311000 255.5
146000 133.5
532000 418.5
561000 443.0
441000 335.5
324000 273.0
314000 245.0
219000 183.5
279000 211.0
13000 9
596000 449.0
461000 339.0
275000 223.0
324000 255.5
209000 193.5
456000 379.5
403000 299.5
471000 387.0
353000 285.5
0 -5
243000 197.5
14000 9
488000 375.5
314000 254.5
515000 408.5
524000 389.0
223000 195.5
755000 531.5
133000 131.0
406000 340.5
285000 208.0
371000 295.0
228000 180.5
547000 409.5
336000 254.5
393000 314.5
86000 72.0
114000 111.0
357000 276.0
670000 498.0
393000 300.0
141000 123.5
419000 303.5
467000 367.0
251000 204.5
404000 327.5
307000 240.5
178000 156.0
249000 203.0
198000 170.0
363000 298.0
331000 276.0
450000 337.5
348000 301.0
284000 243.0
349000 280.0
29000 16.0
420000 308.0
125000 93.5
504000 388.0
442000 344.5
487000 375.5
366000 287.0
230000 173.0
40000 30.5
8000 3
221000 164.5
611000 520.0
668000 479.0
426000 304.0
164000 128.0
55000 47.0
442000 323.5
7000 2
331000 242.5
360000 281.5
365000 321.0
468000 341.5
230000 169.0
350000 276.0
47000 28.5
411000 307.0
454000 342.5
414000 304.0
446000 316.0
599000 434.0
356000 297.5
412000 308.0
70000 42.5
412000 334.5
322000 241.0
229000 167.5
615000 452.0
379000 310.5
329000 283.5
85000 80.5
623000 443.0
435000 335.5
109000 97.0
512000 395.0
351000 282.0
336000 263.0
467000 380.0
441000 339.0
392000 277.0
624000 452.5
808000 578.5
403000 322.0
616000 475.0
392000 323.5
341000 265.5
102000 84.5
388000 306.0
159000 128.0
365000 298.5
377000 277.5
150000 110.0
618000 454.5
449000 350.5
132000 106.0
124000 116.0
291000 250.0
279000 224.0
385000 302.5
249000 203.5
472000 375.5
324000 264.5
625000 469.5
283000 259.5
358000 282.0
351000 300.0
299000 229.0
320000 248.0
25000 21.5
417000 339.0
327000 248.5
220000 176.5
556000 415.5
222000 197.5
461000 349.5
417000 350.0
410000 333.5
47000 38.5
193000 144.0
411000 309.0
36000 26.5
156000 121.0
7000 2
645000 508.5
368000 301.5
485000 388.5
381000 319.0
45000 41.5
528000 385.0
434000 331.5
429000 332.0
683000 509.0
329000 287.0
441000 356.0
266000 211.0
236000 192.0
234000 211.0
585000 430.0
190000 169.0
316000 231.5
437000 352.5
432000 335.5
411000 337.5
232000 189.5
409000 306.0
402000 302.5
324000 278.5
143000 116.0
424000 309.0
434000 330.0
573000 457.0
512000 364.5
725000 539.0
401000 329.0
360000 292.0
442000 351.0
123000 95.5
483000 344.5
810000 566.5
391000 287.0
134000 123.0
701000 504.0
265000 200.5
336000 277.5
330000 289.0
535000 398.0
572000 403.5
280000 232.5
11000 6
433000 339.5
413000 319.5
128000 111.0
296000 214.0
474000 327.0
393000 322.5
423000 341.0
293000 227.0
513000 360.5
401000 325.5
169000 151.5
481000 341.5
338000 267.5
359000 311.5
181000 146.0
791000 589.0
215000 189.0
457000 371.0
397000 305.0
89000 85.5
6000 1
441000 352.5
313000 261.5
229000 184.0
314000 254.0
415000 327.5
388000 327.0
269000 221.0
444000 313.0
200000 156.5
348000 274.0
644000 472.5
470000 378.5
67000 53.0
478000 383.5
319000 240.0
346000 273.0
224000 164.5
311000 253.0
114000 92.5
93000 84.5
257000 219.0
662000 453.0
248000 200.5
349000 258.5
429000 350.0
356000 305.0
330000 277.5
470000 359.5
389000 309.0
328000 281.5
191000 166.0
456000 353.5
174000 143.0
81000 59.0
429000 345.0
574000 437.5
202000 186.0
459000 342.5
268000 245.5
473000 341.5
21000 16
641000 512.0
502000 355.5
347000 258.5
613000 427.5
362000 299.5
415000 313.5
609000 464.5
37000 28.5
416000 339.0
428000 306.0
31000 21.5
262000 211.0
541000 396.5
318000 221.0
313000 262.5
181000 146.0
286000 217.0
449000 328.0
405000 322.5
343000 286.0
561000 428.0
331000 295.0
435000 335.0
611000 421.5
214000 169.5
510000 379.5
384000 303.0
160000 128.5
378000 291.0
395000 290.0
202000 159.0
625000 446.5
232000 184.5
9000 4
503000 378.5
409000 330.0
149000 119.0
321000 243.5
437000 324.5
613000 441.0
98000 93.5
521000 391.0
26000 16.5
267000 224.0
331000 271.5
55000 33.0
354000 280.0
377000 298.5
365000 302.0
753000 575.5
343000 278.5
389000 312.0
335000 272.0
414000 304.0
475000 344.5
412000 337.0
416000 329.0
150000 129.0
481000 389.5
337000 287.5
397000 330.5
439000 335.5
582000 420.5
155000 114.5
589000 420.5
350000 266.0
360000 291.0
507000 392.5
171000 149.0
369000 283.5
389000 305.0
525000 401.5
24000 24
432000 329.5
399000 303.5
284000 209.0
388000 293.0
37000 27.5
329000 261.5
148000 121.0
394000 314.0
259000 202.5
278000 232.0
7000 2
288000 225.0
416000 310.0
440000 324.0
421000 331.0
297000 238.5
405000 347.0
335000 258.5
459000 347.0
338000 288.5
438000 339.5
35000 35
245000 205.5
367000 277.0
350000 301.0
191000 157.5
440000 347.0
349000 257.5
61000 58.0
701000 506.5
226000 191.0
456000 366.0
116000 103.0
584000 445.5
398000 299.5
463000 363.5
351000 268.5
417000 346.0
297000 234.0
151000 120.0
425000 322.0
499000 388.0
700000 517.0
401000 308.0
366000 310.0
326000 266.0
362000 309.5
158000 124.0
338000 278.5
512000 391.0
686000 483.0
515000 381.5
438000 353.0
544000 400.0
197000 174.0
355000 289.5
244000 170.0
67000 44.0
77000 54.0
230000 173.0
558000 406.0
335000 260.5
337000 247.5
30000 21.5
361000 257.0
454000 345.0
351000 316.5
302000 212.0
503000 398.0
321000 271.5
338000 268.5
621000 464.5
212000 165.0
262000 213.5
556000 392.5
701000 506.5
144000 131.0
357000 294.5
348000 283.5
305000 244.0
311000 235.5
388000 308.0
304000 242.5
353000 278.0
323000 265.5
283000 236.5
380000 306.5
533000 408.0
392000 319.5
425000 358.0
253000 218.0
824000 621.0
321000 267.5
414000 316.5
333000 279.0
94000 76.0
297000 225.5
463000 328.0
461000 335.0
390000 269.5
271000 236.5
643000 494.5
