8150.0 9284.799405479906 61000 2.875 8.126307587090215
22880.0 23820.696883172834 126000 16.47 21.23308974219249
21600.0 26182.818794010702 124000 15.085 23.486810660453664
33620.0 32311.230245844865 129000 24.71 26.624535676702415
33430.0 37441.22193518796 230000 26.67 33.173047794859
51630.0 48678.67192107854 266000 42.115 41.34367273235411
80200.0 56746.1011876587 297000 65.65 47.70814919906242
67880.0 56476.06218567297 247000 57.28 49.15110985522097
105390.0 76768.59970065886 376000 87.43 63.557219102160225
140430.0 92458.66698152207 418000 116.44 75.30386045881049
114490.0 93396.9480229413 384000 94.065 75.65152526552258
150380.0 98866.85794542072 435000 123.32 78.247252986926
108410.0 96534.04528973185 347000 90.635 80.78560685542939
167850.0 108018.55164739065 431000 135.4 84.75060471760659
176880.0 129084.49016051463 605000 140.705 97.37792601508825
237190.0 144008.7285549039 709000 185.855 104.56410222920677
191590.0 113677.09487843186 527000 156.34 87.46527539543908
170860.0 110163.7889689711 414000 139.095 85.17859751721672
179430.0 118378.82031850122 418000 144.835 93.25738724090441
195170.0 115835.05989120911 646000 157.935 86.27637727095407
178770.0 111006.74348885297 492000 143.78 86.01186894841898
246380.0 130953.63912469176 618000 193.995 97.48311379413359
213340.0 129305.23732625837 546000 171.04 98.86967887072355
275650.0 149560.24705783286 650000 218.455 111.48522536641347
290950.0 142496.1315264383 596000 226.845 103.81726000526118
260470.0 145496.0793286197 616000 204.245 108.36375074257997
293800.0 153654.1571191616 707000 230.63 112.21405036803547
292920.0 142836.38752082747 685000 228.995 105.4021464439885
259410.0 148790.39585941023 694000 200.135 109.61149244034587
291050.0 157028.74736811727 657000 226.81 115.60416904247008
270200.0 155648.19305086712 630000 208.67 115.40212779667452
251250.0 170850.19022523798 641000 194.38 128.92641544695175
289570.0 157181.5036828443 702000 225.58 116.78261257567412
298870.0 146721.07244700743 695000 234.1 109.8668967432866
251650.0 146582.76672242203 631000 191.79 104.9433461444793
241180.0 139711.9450870254 688000 186.87 101.56585597532272
265640.0 146662.16417331362 691000 204.655 107.4972486857222
276690.0 159482.26829337486 744000 215.325 113.57390490337119
304080.0 181070.18970553932 750000 235.095 129.7492330420492
306910.0 144629.11843747096 621000 238.05 106.15091850756639
259200.0 131864.40004792804 598000 198.995 94.38067850466005
251490.0 154985.7086959956 639000 192.415 113.19883071392566
237890.0 159377.78358353462 634000 185.055 118.17448741162366
263360.0 160782.43187612257 688000 201.75 116.53142280089092
298480.0 148940.75869284404 668000 230.07 108.41632764487092
265030.0 136944.91264738532 658000 203.865 98.89238734604399
251980.0 163661.17315967157 719000 195.215 118.66750302841972
244820.0 144122.335534781 647000 189.425 101.23824314457457
247540.0 147900.40026991136 818000 190.9 108.97203769775071
233790.0 129496.12310799115 551000 180.28 95.87607417911937
292960.0 158616.13537090103 822000 225.025 113.9292187061774
333780.0 169464.1307179782 782000 253.81 119.08691741748966
308990.0 153145.06162459173 700000 237.885 110.22320207197758
289590.0 160214.36233996003 687000 224.88 114.32504362562037
345070.0 161652.54436599507 716000 262.65 113.00025442449234
332750.0 171411.51507410462 702000 260.515 127.05493801895305
285660.0 155407.73597218384 870000 218.45 111.77762522079274
295200.0 177062.700758799 724000 224.5 126.65387874044758
276970.0 168329.28770716046 709000 214.45 125.40957898023579
254750.0 146970.77090360518 660000 193.61 105.38623202297347
277010.0 137901.74001802877 651000 214.565 103.76850810819242
267050.0 156762.5832269933 671000 202.405 112.77576634632105
320270.0 151797.75064209613 675000 246.01 107.28035654303167
327680.0 158354.08930621273 724000 253.55 111.71108942267102
367840.0 159440.0652282857 715000 286.785 117.58588892805122
307360.0 158057.68061059227 630000 238.045 117.11712289413535
277510.0 148887.03738069342 748000 208.645 105.43728692924529
313710.0 179651.51237882746 890000 238.055 128.20781752685755
308900.0 166218.0194804402 794000 237.825 119.47638626523653
298600.0 191150.41197967637 815000 226.85 136.45674222990962
295410.0 156984.1453778056 731000 230.55 114.79119086410769
257820.0 149585.11824376113 644000 199.86 108.99183639153898
293340.0 156039.047677176 657000 224.74 112.06682113810493
274400.0 159047.09994212407 682000 210.885 113.18354242114883
279990.0 143668.75060360203 662000 214.52 103.20600563920686
334000.0 163112.35391594347 732000 259.9 115.9601008968171
304700.0 163307.10333601537 644000 237.715 120.16376856190887
208180.0 156129.97021712392 672000 153.19 109.83880871531701
280540.0 172017.34912502285 781000 216.485 125.31549096181206
306180.0 177085.36811379984 726000 235.285 126.2854555164608
277190.0 167571.4590853705 819000 210.88 119.31640960069156
248250.0 163801.24389027088 638000 189.085 119.98199979580271
121360.0 105639.62514132659 406000 93.655 81.97614576814405
241690.0 142534.39549806918 677000 184.085 107.46441399365652
83770.0 65112.64930871727 301000 67.09 50.99663616357455
254450.0 154738.96568091697 644000 196.86 114.00833478303241
270250.0 148014.48408855128 674000 202.255 104.0614360606272
230640.0 142460.76793278914 660000 171.68 100.47675153984628
304510.0 157128.64124659132 697000 233.305 112.82887252383584
327650.0 161410.55572669342 692000 248.605 117.10401989257242
226520.0 145304.6096997614 586000 168.885 103.33713889497812
254510.0 138627.23361590967 610000 197.255 100.60672181817674
158980.0 105623.10163974547 582000 123.595 78.55567118292606
276320.0 152528.80908208783 736000 206.63 107.04738717035555
267490.0 149680.89357028838 596000 200.685 107.39978247184676
121090.0 67244.19603207402 304000 99.525 53.93975227047302
329830.0 164652.12145611728 732000 248.01 117.000106410208
301080.0 150321.03512150253 691000 226.085 106.12919143666365
281230.0 150732.66766033167 643000 210.715 106.59362680291913
362660.0 181008.52024145162 1023000 273.495 124.7368128300543
363750.0 172730.38962498753 935000 273.355 116.31703003000032
285680.0 168514.20592935185 712000 212.22 119.72688336376254
209740.0 116455.53829681095 467000 166.6 86.71104312600559
265560.0 140881.0363391752 671000 202.205 102.29066660746719
165090.0 119576.34339617514 570000 125.915 85.95827636126725
240630.0 129275.26097440299 622000 178.095 91.66544318880479
218890.0 141885.58031033317 674000 165.36 102.51836615943506
224760.0 145687.41332043754 722000 171.865 105.7618280619241
204150.0 111305.28963171516 502000 158.995 80.294099876641
245640.0 160793.19139814348 632000 185.67 116.91431092898765
