6000 1
36000 26.5
286000 217.5
182000 119.0
326000 263.0
298000 219.0
343000 281.5
194000 151.5
328000 231.5
324000 220.5
223000 171.0
378000 299.5
391000 322.5
439000 314.0
42000 37.5
395000 281.5
385000 259.0
446000 345.0
81000 68.0
71000 62.0
139000 95.5
434000 333.5
122000 96.5
407000 289.5
378000 294.0
364000 270.5
503000 371.0
35000 21.0
374000 272.0
301000 233.0
262000 206.5
394000 300.0
58000 55.0
400000 286.5
180000 144.5
493000 380.0
556000 414.5
282000 208.0
105000 83.0
83000 56.0
212000 162.5
548000 399.0
515000 373.5
405000 322.0
363000 275.5
24000 14.5
506000 360.5
162000 130.0
470000 324.0
386000 285.0
429000 294.5
182000 156.5
211000 186.5
282000 222.0
310000 239.0
181000 145.5
108000 67.0
295000 210.0
375000 278.5
391000 276.5
1005000 671.0
129000 107.0
522000 366.5
594000 431.0
520000 381.5
166000 113.5
333000 254.5
25000 16.0
359000 289.5
212000 188.5
486000 332.0
76000 62.5
4000 0
325000 259.0
252000 192.5
112000 89.5
384000 283.0
649000 462.5
40000 45
23000 13.5
339000 256.0
191000 156.5
565000 405.0
201000 164.0
345000 256.0
63000 49.0
336000 255.5
641000 401.0
70000 56.5
522000 394.0
293000 218.5
614000 418.0
550000 384.5
173000 138.5
260000 213.0
323000 254.0
458000 333.5
366000 283.0
116000 93.5
218000 179.0
1023000 709.5
79000 65.0
64000 50.0
130000 94.5
158000 128.0
416000 296.5
150000 123.5
307000 237.5
167000 111.5
631000 413.0
138000 102.0
200000 160.0
414000 312.5
104000 86.0
111000 94.0
588000 422.0
449000 302.0
163000 119.5
365000 245.5
418000 313.0
237000 184.0
364000 283.0
734000 512.0
228000 184.5
155000 119.0
32000 27
128000 111.5
209000 139.0
345000 242.5
351000 283.0
361000 283.5
671000 477.0
262000 194.5
365000 274.0
121000 98.5
223000 179.5
89000 75.5
313000 243.5
577000 397.5
309000 240.0
461000 335.5
188000 173.5
305000 254.0
214000 141.5
342000 242.0
290000 199.5
105000 93.0
365000 263.0
202000 172.0
540000 417.5
442000 324.5
125000 112.0
213000 174.5
82000 88.0
10000 5
159000 129.0
74000 74.5
122000 103.0
249000 167.0
210000 154.0
383000 296.5
35000 21.0
753000 530.0
204000 166.0
167000 133.0
428000 330.0
123000 96.0
554000 385.0
278000 206.5
476000 364.0
321000 239.0
149000 115.5
677000 486.0
626000 441.5
379000 267.0
484000 333.5
328000 242.5
198000 162.5
466000 347.0
153000 133.5
24000 24
385000 266.5
462000 319.0
456000 312.5
686000 490.5
620000 420.0
346000 283.0
317000 237.5
426000 309.0
856000 596.5
66000 52.0
142000 116.5
331000 260.0
255000 185.5
75000 52.0
516000 359.5
529000 336.0
392000 290.5
545000 372.5
93000 70.5
224000 192.0
197000 144.5
127000 114.5
468000 344.0
66000 48.0
377000 293.0
187000 130.5
169000 142.5
514000 363.5
297000 228.0
97000 81.0
140000 105.0
314000 228.5
227000 192.5
465000 340.5
86000 72.5
179000 133.5
527000 360.0
23000 13.5
55000 51.0
148000 141.0
173000 119.0
284000 220.0
727000 519.5
232000 188.5
163000 124.5
105000 91.5
399000 288.0
169000 138.0
216000 169.0
106000 98.0
234000 200.5
32000 22.5
682000 492.5
83000 60.0
369000 273.0
245000 179.0
386000 262.0
305000 214.0
181000 146.0
201000 148.5
318000 224.0
101000 92.5
652000 451.5
338000 239.0
171000 123.5
222000 207.0
270000 192.5
399000 274.5
248000 195.5
166000 120.0
374000 287.5
600000 407.0
222000 194.0
838000 608.5
97000 84.0
123000 106.0
225000 166.0
281000 205.5
416000 299.0
385000 264.5
270000 218.5
391000 267.5
337000 263.5
216000 175.5
116000 114.5
200000 152.5
178000 138.5
279000 229.5
164000 138.5
330000 250.0
404000 276.5
132000 110.0
153000 136.5
333000 245.0
704000 500.5
436000 303.0
320000 269.0
406000 290.5
172000 133.5
602000 428.0
311000 232.5
150000 120.5
197000 159.0
313000 245.5
134000 98.5
113000 86.0
62000 43.5
244000 180.5
332000 243.5
89000 66.0
484000 360.5
192000 167.5
416000 318.5
283000 223.0
132000 100.5
601000 440.5
249000 183.0
275000 224.0
143000 102.0
69000 46.0
176000 128.5
440000 302.5
336000 243.0
278000 194.0
154000 122.5
115000 92.0
199000 139.0
291000 184.0
135000 98.5
329000 238.5
135000 112.5
241000 194.0
332000 223.0
128000 101.0
52000 33.5
273000 201.5
315000 230.5
359000 285.0
549000 378.0
73000 41.0
27000 18.5
267000 210.5
472000 325.5
335000 290.0
291000 225.0
712000 506.5
3000 -2
59000 56.0
549000 388.0
105000 73.5
438000 371.0
163000 134.0
321000 263.0
163000 107.0
91000 63.5
199000 166.5
115000 83.5
109000 86.0
191000 169.5
61000 38.0
483000 339.0
369000 291.0
514000 351.0
495000 330.5
447000 344.5
162000 121.5
354000 232.0
269000 215.5
128000 116.0
548000 429.0
295000 218.5
374000 271.5
170000 108.5
314000 218.5
264000 188.0
418000 291.0
391000 290.5
293000 197.5
344000 284.5
352000 251.0
63000 44.5
512000 372.0
228000 175.5
270000 191.0
395000 340.5
195000 154.0
276000 222.0
99000 76.5
146000 121.5
336000 224.5
269000 184.5
307000 221.0
158000 123.0
286000 220.5
820000 550.5
362000 282.5
220000 186.5
81000 54.5
317000 261.0
83000 80.5
531000 379.0
510000 365.0
209000 173.5
205000 176.0
197000 141.5
316000 253.5
277000 223.5
383000 280.0
144000 113.0
237000 181.0
176000 146.0
71000 66.5
266000 213.0
153000 129.5
191000 153.0
184000 150.5
16000 11
318000 268.5
278000 209.0
226000 182.5
225000 160.0
135000 113.0
452000 310.0
631000 475.5
63000 44.5
633000 432.5
588000 420.0
466000 322.5
80000 75.5
483000 348.5
104000 91.0
733000 511.0
411000 250.5
580000 415.5
265000 187.0
506000 342.5
223000 176.0
337000 261.5
556000 393.0
148000 112.5
411000 276.5
390000 307.0
182000 134.5
65000 42.0
180000 160.0
59000 40.5
419000 293.0
223000 194.5
114000 87.0
400000 296.0
326000 231.0
201000 162.5
171000 151.5
374000 300.0
155000 129.0
338000 280.5
309000 225.0
292000 202.5
177000 119.5
597000 464.5
462000 312.5
190000 152.5
182000 145.5
348000 262.5
416000 309.0
636000 463.0
231000 186.0
224000 173.0
196000 177.5
733000 507.0
552000 392.5
259000 167.5
472000 330.5
473000 335.5
419000 291.5
168000 141.5
734000 535.5
228000 184.5
175000 135.5
318000 244.0
636000 435.5
331000 222.5
384000 306.5
210000 172.0
98000 90.0
318000 240.0
333000 265.0
439000 317.5
403000 276.0
157000 130.0
107000 80.0
576000 384.5
156000 134.0
270000 171.5
301000 232.0
220000 172.5
252000 206.0
336000 249.5
127000 123.5
514000 374.0
504000 359.5
307000 216.5
537000 387.0
64000 64
411000 278.0
274000 181.5
320000 217.5
109000 93.0
197000 185.5
490000 340.5
395000 310.0
425000 322.5
307000 203.5
550000 383.5
