10390.0 11739.586875184323 65000 5.3 11.927698856024158
15980.0 18151.022009793276 82000 10.02 16.60345144841879
31550.0 30886.688071076835 133000 23.955 27.520001362645317
46220.0 48973.989014577935 265000 36.71 42.384087816066064
45000.0 37882.18578698964 164000 34.795 31.94957707075322
35060.0 44138.3778587297 269000 27.765 38.163690531708276
38850.0 42943.771376068034 212000 30.895 37.75607864966911
80500.0 68160.61912864348 269000 66.09 57.67436085471603
103060.0 86923.73898999052 382000 87.05 73.61193856977278
103900.0 74583.17504638697 279000 87.67 62.73110153663811
86430.0 69741.84611838147 316000 73.535 60.34240859461942
127690.0 93313.20324584297 376000 106.46 76.7689937409629
96060.0 87829.13184132017 439000 79.075 73.16991782829882
116890.0 90576.69623032185 371000 96.695 72.2907634141458
176110.0 104020.27638878874 467000 146.18 83.58120362856711
176840.0 129349.58214080168 515000 143.915 100.83967609527511
158790.0 120436.56380020147 442000 129.94 94.00718802304429
186560.0 134906.58397572744 601000 150.395 103.1102636743792
224520.0 125235.17716680086 589000 183.9 96.56044738918726
158010.0 108366.09202144368 440000 130.805 86.74306586119722
189250.0 111361.96612847674 478000 153.54 86.28286851977049
216200.0 129460.80487931473 531000 172.95 98.63601015856227
200370.0 121654.23584898308 462000 162.105 96.53331795292235
221950.0 128132.69489088256 648000 177.5 96.08969767878344
238820.0 138022.0547593753 524000 191.195 107.31341703160886
227970.0 132228.8512390545 596000 180.725 97.96097118240509
294490.0 137484.28964794485 668000 229.055 98.50586010486889
248090.0 159212.50547617167 756000 195.375 117.37656016002514
278990.0 146549.68406653084 631000 217.565 106.79093255047452
276250.0 142178.22442272937 756000 218.555 106.16868405984883
279830.0 149535.68503872244 643000 219.075 110.78175334864493
282880.0 149783.6626605185 676000 221.505 110.8638240139677
278250.0 142297.67215242842 595000 216.695 102.29342342008111
280120.0 158956.04927148888 650000 217.745 115.64001243081911
316240.0 139573.2151954665 649000 249.67 101.799514242456
299000.0 134361.155100721 611000 236.0 99.18248333249174
188110.0 98743.495481981 452000 147.945 76.9835013168406
264820.0 156847.2110048502 612000 205.16 112.87315624186293
272160.0 148065.30451121897 659000 212.545 109.58887021499949
324870.0 164465.84174229007 746000 243.6 116.06496025933063
289670.0 161827.87491652975 791000 223.415 114.6219013757842
263360.0 159849.64935838926 674000 202.655 115.25230355615457
238710.0 138635.29817474337 610000 190.22 105.56780569851776
190080.0 112081.2812203715 507000 150.44 83.60045693655029
315740.0 162314.79415013286 682000 244.805 116.42729265511588
261070.0 134612.79693996406 597000 204.62 98.69078275097426
253760.0 127226.50038415739 549000 199.4 96.77649508015878
340960.0 158171.61060063844 730000 260.94 111.24662421844539
327950.0 163601.30653512522 740000 249.995 115.20354801393924
262880.0 153934.1599515845 681000 203.7 111.36595081082908
289820.0 166584.11568934176 683000 220.535 115.916829127612
279630.0 148851.44641554545 683000 215.81 108.99345806056436
290550.0 155072.0074674988 690000 225.06 111.79870929487512
329840.0 157188.53138826636 816000 251.705 110.92644173054501
235480.0 131382.30322231379 722000 180.46 90.9620162485419
325000.0 178203.19862449158 759000 242.26 125.37016152179116
298350.0 150095.52791472504 679000 227.22 108.86478585842166
278420.0 154358.87923925853 726000 215.37 113.23033206698636
229850.0 161655.70667316386 668000 170.725 114.089293428437
245380.0 118906.1630025963 541000 194.445 89.07314115377318
256300.0 142443.0763498177 585000 193.855 103.76486146571969
263200.0 150011.73287446552 644000 201.68 107.92109432358441
272230.0 164312.74174573316 722000 205.93 119.12963569154402
300370.0 155886.4750387281 825000 228.685 109.84522417929692
306320.0 133832.4235751561 683000 235.69 96.74372796207514
255020.0 161554.44778773503 721000 191.27 113.19563639999556
255010.0 162442.2663594669 751000 194.565 114.23939020758121
321330.0 134448.35848756204 664000 248.625 97.54310265210965
229090.0 157823.5150413271 659000 169.37 107.37154231918251
285410.0 145634.06847300532 597000 221.15 106.88927682419784
296460.0 147235.8937216058 728000 223.225 103.00165957400881
294700.0 141214.90714510277 642000 225.165 101.96296030912401
332600.0 162992.2697553476 749000 254.24 118.49420829728345
262080.0 150560.73060396593 681000 203.17 110.20515459814028
277830.0 156638.5045255476 676000 212.425 111.79231581374455
291510.0 157164.9130690435 616000 220.29 111.57995294854716
216270.0 138933.13895539826 600000 163.85 100.82548041045975
212020.0 133240.23266266086 622000 161.41 97.00049948325008
267200.0 176000.90908856125 851000 198.035 123.21930155215132
183720.0 107406.33873286995 497000 141.855 81.37058113962318
294180.0 163734.50338887036 690000 219.665 115.42902700360946
326560.0 177539.42210112096 711000 244.43 124.37849532776958
291640.0 181883.0679310199 746000 218.65 130.76024816434082
338740.0 168646.35305870092 662000 249.055 115.15723804867847
358150.0 200836.3699632116 835000 262.31 138.28171932688718
348760.0 175596.4190978848 848000 256.16 118.19758626977116
158370.0 131942.76448521155 546000 121.37 94.51755445418591
289980.0 175349.25035482759 777000 217.085 121.74670539690177
326470.0 182844.7130764245 787000 239.67 126.10912377778224
230190.0 160936.98735840683 744000 169.57 110.54175726846394
294520.0 171190.0394298687 1068000 219.535 118.96394947630142
252380.0 163008.45254157836 656000 191.115 117.2716047259523
238130.0 160077.89697519143 863000 176.755 109.31718746382016
224140.0 128763.03972802134 649000 169.51 90.12740926044641
286320.0 144342.9859743798 660000 216.985 101.79217688506323
224540.0 113522.28151336635 532000 171.21 78.84339477724181
308010.0 171285.46318937867 739000 228.635 119.64775081463085
181490.0 101260.90015400811 603000 139.025 75.20177441390595
265170.0 140473.41777005355 652000 204.55 103.38451286338781
297800.0 154101.3302992547 645000 221.0 106.86891503145337
