5000 5
48000 43.5
7000 2
100000 86.5
137000 140.0
205000 172.0
18000 13
301000 231.5
3000 -2
294000 245.0
26000 21
422000 293.0
380000 294.5
397000 309.5
405000 336.5
428000 371.5
173000 142.0
439000 356.5
133000 108.0
642000 450.0
7000 2
645000 485.5
290000 242.0
753000 535.5
139000 137.0
236000 205.5
287000 234.5
213000 197.0
430000 297.5
346000 279.5
314000 272.5
364000 332.5
99000 85.5
359000 319.0
163000 136.5
341000 279.5
443000 337.5
513000 369.5
568000 429.0
481000 376.0
158000 126.5
380000 298.5
624000 452.0
253000 218.5
231000 178.0
404000 330.0
589000 417.0
532000 404.5
311000 265.5
404000 315.0
501000 396.5
677000 462.5
464000 361.0
419000 327.5
323000 282.0
201000 179.5
378000 311.0
178000 135.0
382000 278.0
452000 351.5
411000 323.5
344000 289.0
143000 136.5
389000 335.0
500000 384.0
423000 329.5
332000 256.5
361000 316.0
475000 362.0
733000 524.5
77000 49.5
730000 544.0
257000 195.0
403000 316.5
324000 260.0
82000 64.0
160000 130.0
373000 282.5
276000 229.0
245000 212.5
449000 350.5
337000 245.5
123000 129.5
330000 269.0
89000 86.0
35000 25.5
102000 103.0
119000 110.5
173000 156.0
321000 235.5
392000 278.0
66000 52.0
311000 246.5
259000 193.0
388000 315.0
338000 297.5
331000 271.0
361000 279.5
3000 -2
233000 196.0
367000 290.0
229000 169.0
429000 332.5
25000 20.5
374000 298.0
363000 282.0
374000 267.0
346000 303.0
739000 525.5
58000 53.5
473000 336.5
636000 442.5
10000 10
292000 228.5
26000 21
93000 61.0
374000 303.5
206000 176.5
363000 287.5
441000 334.0
266000 219.5
109000 86.5
76000 62.0
219000 191.0
152000 119.0
416000 318.0
32000 18.0
365000 304.0
281000 221.5
465000 372.0
43000 33.5
448000 352.0
145000 129.0
341000 245.0
307000 256.5
386000 279.5
379000 319.5
308000 227.0
318000 231.5
256000 208.5
256000 210.5
445000 316.5
403000 325.0
316000 257.5
473000 383.5
347000 270.0
244000 191.0
201000 151.5
351000 271.0
307000 220.0
206000 187.0
278000 248.0
45000 40
453000 349.5
621000 475.5
537000 398.5
10000 5
368000 294.0
415000 310.5
415000 336.0
107000 75.5
81000 68.5
190000 177.5
357000 293.0
39000 34.5
162000 140.5
415000 343.5
448000 349.5
188000 166.5
620000 419.0
285000 248.0
221000 174.5
302000 238.5
225000 182.0
535000 382.5
469000 357.0
313000 248.5
277000 226.0
315000 217.0
292000 232.0
559000 391.0
310000 245.5
257000 228.5
612000 414.0
575000 432.0
306000 270.5
315000 253.5
371000 302.0
152000 126.0
549000 391.0
359000 318.0
346000 292.0
384000 337.0
102000 94.0
663000 483.5
324000 252.5
328000 254.5
548000 423.0
379000 298.0
581000 449.0
321000 256.5
359000 297.0
314000 258.5
553000 422.5
18000 18
97000 76.0
244000 209.5
144000 133.0
213000 183.5
349000 281.0
132000 114.0
435000 338.0
592000 453.5
504000 387.5
508000 392.5
156000 134.0
239000 208.5
325000 265.5
480000 340.5
630000 420.5
241000 181.0
634000 511.0
404000 284.0
301000 211.0
569000 380.0
222000 175.0
284000 220.0
328000 265.0
449000 326.5
17000 17
105000 87.0
199000 178.5
442000 339.0
491000 393.5
357000 279.5
231000 173.0
275000 225.0
344000 290.5
375000 292.0
394000 312.0
436000 321.5
509000 364.0
257000 214.0
354000 283.5
58000 54.5
65000 60.5
632000 415.0
393000 299.5
407000 323.0
76000 53.0
537000 417.0
165000 135.0
163000 151.0
478000 357.0
324000 260.0
457000 338.0
445000 381.5
604000 440.0
360000 305.5
312000 242.0
21000 11.5
499000 388.0
314000 278.0
362000 289.5
570000 446.0
486000 388.0
425000 330.5
261000 219.5
467000 327.0
447000 343.5
64000 50.5
285000 240.0
98000 100.0
431000 308.0
515000 366.5
471000 348.0
448000 354.0
119000 107.5
411000 355.0
421000 350.0
87000 78.0
394000 296.5
144000 123.5
272000 229.0
467000 364.0
312000 257.0
288000 219.0
296000 252.5
534000 397.0
410000 306.5
337000 291.5
166000 149.0
311000 244.0
332000 273.0
435000 352.0
477000 340.5
449000 362.0
2000 -3
559000 433.0
550000 410.5
644000 474.0
518000 388.0
524000 398.5
36000 26.5
245000 229.5
345000 263.0
137000 119.0
355000 264.5
64000 60.0
260000 225.5
266000 206.0
484000 374.5
293000 226.5
335000 271.0
408000 301.5
274000 230.0
371000 270.5
726000 536.5
727000 530.0
321000 270.5
397000 294.0
333000 288.5
45000 50.5
21000 21
143000 122.0
150000 142.0
355000 293.0
65000 67.0
356000 280.5
367000 305.5
415000 292.5
140000 132.5
483000 373.0
357000 273.5
304000 266.0
272000 233.0
625000 458.5
411000 310.0
398000 330.5
479000 342.0
24000 25
471000 325.5
377000 324.5
132000 95.5
229000 213.0
281000 224.0
265000 184.5
551000 403.0
55000 41.0
231000 178.0
675000 481.5
486000 372.5
468000 368.5
386000 288.5
160000 111.5
134000 131.0
373000 298.0
117000 86.0
237000 190.0
137000 110.0
376000 288.0
289000 235.5
284000 231.0
266000 199.0
80000 72.5
388000 308.0
228000 193.5
391000 297.5
391000 333.5
427000 336.5
179000 152.5
408000 305.0
184000 164.0
533000 401.0
352000 292.5
411000 322.5
328000 263.5
393000 315.5
58000 44.0
403000 295.0
4000 -1
434000 339.0
503000 401.5
391000 306.0
615000 458.5
265000 236.0
463000 355.5
194000 182.0
146000 126.0
332000 277.0
516000 399.0
162000 131.0
121000 103.0
190000 149.5
149000 128.5
4000 -1
562000 450.0
643000 451.0
102000 75.0
189000 158.0
182000 156.0
291000 222.0
450000 302.5
145000 109.5
473000 365.0
17000 13.5
345000 270.0
104000 91.0
269000 217.5
151000 128.5
23000 19.5
365000 269.5
680000 472.0
428000 329.0
418000 307.0
479000 377.5
113000 105.0
185000 154.0
66000 62.0
249000 198.5
594000 431.0
204000 164.0
118000 105.0
397000 317.5
334000 280.5
477000 354.5
116000 98.5
309000 272.0
112000 89.5
321000 280.0
102000 84.0
421000 345.0
11000 6
79000 61.5
370000 298.0
234000 192.5
327000 274.5
6000 1
164000 152.5
351000 252.5
321000 246.0
185000 151.0
327000 272.5
435000 351.0
322000 257.5
375000 299.5
442000 367.0
313000 242.5
465000 319.5
416000 318.0
439000 340.5
355000 292.0
542000 396.5
161000 134.0
33000 43
180000 159.5
444000 314.5
383000 299.5
320000 254.5
203000 145.0
475000 331.0
262000 229.0
553000 422.0
122000 105.0
487000 375.5
375000 287.0
207000 197.0
249000 226.0
493000 348.0
531000 393.0
371000 292.5
121000 104.5
649000 463.5
49000 39.5
481000 332.0
58000 39.5
198000 154.0
56000 42.0
277000 231.0
42000 33.0
264000 198.0
311000 240.5
448000 334.5
399000 298.5
303000 266.5
244000 201.5
388000 326.5
432000 318.5
365000 286.5
239000 200.0
378000 296.5
279000 229.0
459000 357.0
228000 209.0
33000 34.5
