16430.0 20023.114143409362 90000 11.005 18.291322396152772
23840.0 21564.656268997194 92000 18.055 19.13620848026066
32920.0 33038.97092828407 189000 25.01 29.46896503102883
59020.0 51738.763031212875 271000 48.525 45.791067633327785
27920.0 28958.480623126623 133000 21.67 26.303822916070587
34920.0 39778.305645162916 178000 28.485 37.10286073876245
77090.0 67447.91990862283 282000 65.24 58.735359026739594
62740.0 52437.70017840218 247000 53.84 47.82817579628142
90450.0 62099.33574523966 278000 77.65 54.87893493864471
91370.0 69156.72852297165 311000 76.065 58.72685309975327
127690.0 90555.25329874574 391000 106.27 74.27150934241205
140220.0 110887.29232874252 406000 115.115 89.86116666836682
99050.0 88519.9836195195 370000 82.07 73.02431170507532
158970.0 106687.8113938045 397000 129.42 85.28096856860856
148390.0 113651.38758501808 432000 123.39 93.02530784684349
146440.0 98440.47135198003 454000 125.375 81.74238114344358
166810.0 117807.18950895994 428000 138.855 96.36237063812824
185390.0 117691.87694994078 515000 155.805 93.22456476165496
210900.0 131677.59870228497 509000 172.55 102.61735964250883
188180.0 128906.42963017787 461000 157.575 103.15588628381805
243070.0 160455.80419542323 617000 193.055 119.17696704900658
241230.0 141790.82163525253 582000 190.785 105.29509140980883
251590.0 141743.57798503607 651000 197.89 104.18576150319198
223300.0 153560.96509204415 661000 178.2 117.11039663497003
211630.0 138803.21718173538 627000 167.395 103.40409312498224
225220.0 152084.55411382183 583000 175.48 114.65938513702226
248370.0 131912.52063394134 583000 199.085 98.22583812317409
224590.0 136587.34165361006 658000 178.575 100.78594582083358
259590.0 160907.24626318106 795000 202.38 117.96830337001546
242920.0 131605.14275665674 656000 191.5 95.6501698900739
257140.0 141529.22101106893 616000 200.26 102.9281419243542
255320.0 153050.11466836606 712000 200.245 109.69267284098788
266270.0 163251.82112307355 686000 209.355 119.69923339353514
297810.0 161521.74435660357 730000 229.595 117.24541984657651
228490.0 154176.55431355315 824000 175.745 111.50366574691614
256450.0 158802.66842846188 613000 198.335 114.7891557378135
232920.0 142608.60282605674 630000 183.11 106.68084598464712
268250.0 158417.69945305985 897000 209.435 115.83165920852554
315650.0 164397.65053065692 724000 244.67 120.59258310526398
234820.0 140459.34500772812 621000 183.675 103.47889579522966
312430.0 153304.94153809917 720000 240.61 109.52192885445362
293840.0 170534.96532969418 666000 223.95 120.02002957839996
304100.0 162677.74893942932 737000 235.085 119.6396893802387
252460.0 146937.56633346016 585000 194.965 107.25649758872419
280900.0 158326.78232061688 727000 221.025 115.24633128650994
263830.0 157289.79973284982 647000 204.775 117.22675409222931
278190.0 135235.69758018776 641000 219.195 102.17085922610224
288700.0 120468.79263942176 573000 228.575 87.91570892053366
311850.0 142241.51117026282 747000 245.715 104.03233283455678
296650.0 151187.52428689346 712000 230.195 108.94275779050207
282360.0 140590.1504373617 625000 219.445 105.54939353212788
310170.0 170886.16415614227 834000 240.2 124.11869319324951
284950.0 150080.93649761117 693000 221.47 107.46822367565214
306270.0 155368.32720989178 634000 240.98 114.65554761981646
286150.0 161406.714544346 697000 219.855 114.09192116447159
320960.0 164172.40450209653 703000 247.335 117.77816128213246
220610.0 151834.57412592167 660000 169.3 108.38731475592519
256850.0 153358.8846464397 728000 202.4 113.38558109389395
209720.0 124845.11043689297 626000 163.475 88.18663093122449
239970.0 155897.9445021646 590000 183.72 113.13521379305385
279370.0 161630.2357233943 878000 216.57 114.63522626138965
257430.0 172537.19917745274 709000 197.225 123.37279633290315
235270.0 134106.81228036105 551000 181.82 98.99796765590696
309200.0 188680.3116384961 755000 235.255 136.617760466932
277230.0 149465.23709545308 621000 218.345 110.5684786681991
265830.0 168379.455694571 711000 204.575 123.05343097614143
273310.0 163885.36816933964 701000 214.97 120.89573648396374
306390.0 153185.697439415 668000 238.995 111.43445371607471
275370.0 158280.55186914152 679000 205.9 108.21289202308569
250850.0 158263.15901055431 683000 192.515 112.76848972563214
241580.0 158738.47548719877 778000 187.245 118.37230450996549
197880.0 144461.98669546255 575000 151.4 105.22958234260933
231010.0 105346.52296113053 559000 185.315 77.02741898181453
250340.0 163435.81125322566 704000 193.54 119.05164173584504
250500.0 163386.99458647252 671000 186.82 117.33855973208466
249870.0 156324.3842143637 674000 191.38 114.31612134777842
213310.0 142165.23449845254 605000 166.765 106.92570913957036
300350.0 154639.47587857378 684000 232.58 114.8723796219091
294790.0 175891.80168501317 705000 223.79 127.3201904648277
255160.0 162279.18658903858 809000 197.825 113.3382630668037
271670.0 134526.0610439479 622000 211.475 99.0789174093056
301870.0 170421.86802168319 789000 229.16 121.79790392285082
282930.0 169077.74868385255 799000 219.075 124.38342685020379
293410.0 163063.06111440444 688000 227.32 121.08246198355896
161670.0 98513.76096769425 518000 128.165 73.1149456335707
289140.0 157594.29050571597 768000 217.29 111.56059295288816
275360.0 144026.21428059545 653000 214.975 106.48763719324417
330750.0 142195.80690020364 633000 256.33 101.67957562854006